FF FF FF FF FF FF FA 14 86 36 19 B5 08 00 45 00
01 54 00 02 40 00 FF 11 7A 97 00 00 00 00 FF FF
FF FF 00 44 00 43 01 40 00 00 01 01 06 00 86 3F
95 72 00 00 00 00 00 00 00 00 00 00 00 00 00 00
00 00 00 00 00 00 FA 14 86 36 19 B5 00 00 00 00
00 00 00 00 00 00 00 00 00 00 00 00 00 00 00 00
00 00 00 00 00 00 00 00 00 00 00 00 00 00 00 00
00 00 00 00 00 00 00 00 00 00 00 00 00 00 00 00
00 00 00 00 00 00 00 00 00 00 00 00 00 00 00 00
00 00 00 00 00 00 00 00 00 00 00 00 00 00 00 00
00 00 00 00 00 00 00 00 00 00 00 00 00 00 00 00
00 00 00 00 00 00 00 00 00 00 00 00 00 00 00 00
00 00 00 00 00 00 00 00 00 00 00 00 00 00 00 00
00 00 00 00 00 00 00 00 00 00 00 00 00 00 00 00
00 00 00 00 00 00 00 00 00 00 00 00 00 00 00 00
00 00 00 00 00 00 00 00 00 00 00 00 00 00 00 00
00 00 00 00 00 00 00 00 00 00 00 00 00 00 00 00
00 00 00 00 00 00 63 82 53 63 35 01 01 39 02 02
40 5D 02 00 16 5E 03 01 00 00 3C 20 41 52 4D 43
6C 69 65 6E 74 3A 41 72 63 68 3A 30 30 30 32 32
3A 55 4E 44 49 3A 30 30 30 30 30 30 3D 13 73 6C
6F 74 30 31 73 6F 63 30 31 64 6F 6D 61 69 6E 30
31 FF
